14233015101510123430
23523011211143233111
31131222141311214223
02114421500111335420
01130443312013325211
21010716201122214313
21203252120120263231
30102632212401054112
12341232202115122222
02006154111200262421
53201123121112334311
61111125110126202115
20122136121332041330
32113340300361111151
32210242134431131021
13431021054332222110
05225321001306022222
12133113321130453300
31023332211044200540
11511114411321341212
00424215112351116010
11215125113330212204
01340040442101232414
13121362100443312102
34310051211111312442
11213422222421223004
02422126103325211003
21124210340221241530
15421122200014181311
01341314211122533210
12217003041322123231
02433221123112162112
11530124300124621121
02171221222003114243
13124240031234330301
02032253215200333130
20811113301214221223
10043303332321141321
01213516100221215412
71234100022051332103
22401223133102115430
16340221011023052412
03322322304121131403
43313122011436122100
30130344200540123410
23030233311543310012
34012103061122331232
24213112226013033004
14001244311220506013
43101131420051140351
12321440214121315201
30111153502223411230
03340025300213422321
01108143110114424310
34216111101222132151
03224213120553500110
30215122403434311100
02112152330213316103
10222425023222412310
33310322212401044230
20122515110114233402
43011132411232225120
11642221016111114221
03222420144006332101
43221012140223005341
13430113401211442131
40153004301343121311
01162131415122100405
22243141100031562030
11034451104131102422
30031231342120244131
04112323133130046201
03007111431320223331
13433040025232100214
20113153223240404210
24301613000233311133
20231123420311323520
14142114110502025330
30201432051331431211
11232113247013012501
15220122321144110251
21212433024115401022
11114336003403224110
34522103001135501220
52110134301122123215
31212221243111544001
03411321231124211161
42100441130114153131
20344222101312214141
21104231331225304111
11344201220052531121
14412320031331431220
31122342024011142043
42132131121312151051
21023030451022342231
30513213110353200142
30032415021251232220
00253210430113330153
32312301320032236310
14610141112203226012
23432101310052243310
04322113400122234231
03105331222224033400
03132352101110135602
11311223241250613110
01611151130323202242
22340214111132422221
30402412310143423102
13260202310003144161
31421421201120235123
05341130123200132621
02314522101532212130
10323413214422201311
21514012130024216140
10206222411154211122
37001113220051323222
01412140432511032321
21221022172111232134
31124123120110214551
31122224214022111126
12131131253010623311
11152221232001326213
10121252062352221111
34210215113313121411
12210225413043121240
03213000653243212201
61031314101511112233
01512231412325130400
12241233020543111122
01231043152302523111
15112523001123423112
51221122040410441222
12037102313142103231
54333000202224212410
15013141220012312443
47431010001112141243
20118410122322213203
00224330421333311410
00216121251221340151
01622111511112424311
02131334210322133231
12262222011414212212
52213223002501233103
22310170132222235200
14212134110012410552
21203252212220401144
31022143401125210125
02231142320230431511
23230332110041513312
00013554201112143232
41101124242460122102
01102432250301144403
13131222230270171011
12311123514210014206
10124051334012431212
21122241502052631100
01216430211222402133
43105211030212721221
22354121003031306310
02222312510211131551
00321222351501340420
25141312100211253312
34111321130512133221
41203520121222232213
11332213133111362210
15222111324101242213
14133202312012241503
05432103111433322101
11144113310052204223
00331343211355213000
22116033111424121410
13311324201223411222
21131423211104152321
12340113233421121114
11434231101022222234
13015523000122122235
04114112150114411431
40551010222234131121
12430224115603131001
22224330111331214104
00215311163004332140
13443320001111341332
52150132104113223112
01220124622222111216
25102233024723000004
32211522111024412231
14421022133141033023
21510323120012342017
11110554202202412043
31421411122514322100
11100465113324113102
12513123110111143315
11231131611112521511
02214612112322104114
21133511033121502231
21113322052202533300
16210523002332151012
15422104103251231111
04332131305332024100
13201512324161000242
20312410432231213330
01311246111111331135
31310135211401322214
12222122331225145000
22241034110124243112
20114221524131501221
11521122230124413203
00405023061122353210
11101233710152111432
31233112131203123107
14110251320224163110
14332221201611311105
04123131230311133341
22231224110011361413
00025451213222012431
05313224002010422243
10143321053421302140
21210131451223520302
03202442210032216015
11162222212012334113
31314411200231331034
42212241110154221014
22342313006111420122
21011224431250204240
11716011201135322120
02546001200021411443
21412541000013101554
14221233201250551100
22221131421153212311
12514300403312411212
31134440003233120222
40411231221231414112
13432400305040422120
11031343401211424221
11632102311151201045
30333211310135230420
33521010320321105332
01165212110021262232
40711151001220513312
11023114703111223232
22223113044252110032
12113228000123214430
00714430102132412122
11542221111325131121
30141304403323423000
42141232100131112515
02232203510004413422
12104534002233011143
22421231122342511011
13040231061123223222
16133210210017503121
23032510130023163212
01222123430105300425
40342133000111223325
02410231521122214142
11131142334233301121
12422203314322031221
22032422215105003141
22103232410023201354
02333322114033002314
22121241320012762200
01013223170311115224
04522123102002205333
12113550204236211100
12243032032322122051
21215243000631114103
33512000424232313020
23230412300044331212
01243113142032611041
62300042303142321031
10234260200122252015
22031333122414210114
12620220142322220601
22130503310224120351
23351122013101124332
01423131320114326201
12241251111513311104
00115125323025124111
56301001311133213132
20043322313300104351
32115133101262020043
02041221800233231321
21352311110111427220
00163102610312111344
12042422121112521322
01200343612221221323
04132202333323111510
00130571302322222410
14012242130115440500
04212622100442113122
03211235210472101320
32233302111116510140
21226201222008124210
42241121301123006142
11232213320022301237
15122211234211211521
41222234001304522102
01414133122012433311
22142340110117404120
22631101132013520331
13000524502111123333
40324221200112425320
61014001343223201232
02311117221333112321
14241012231321011623
14021308100224332220
21232220602410012244
04132201257311141110
11331610310122213324
11133232405230401221
32113621103511421102
52312112210134263001
01412344102321111441
41111072120223531211
14030131700322122332
03132252115223123101
33320131220200151254
31234011321443023300
42150012140212104334
12333321111321400117
25400021510124133321
11521220060145321211
11041202541231321223
00100133663034320104
52411012310014232305
04235211113143031311
23301044301211222324
01654211001214520203
06030422123122331230
23530123102101316033
24410212312103110741
03401434100153131321
01025414210123332204
03511002711151122214
61601221102241423200
02115123233520222211
52120151031113324311
51432212005222011331
45014002310122354210
35322100130135033302
01115313411220532221
33411103131011142217
24231214012142232301
41131050320014632310
31154320013323110043
21041043410112224332
01222223331027061210
01241150330010142453
31311322310031133702
20113425110103344041
04142432001200511451
00165202130134620310
21014304501553100122
21220033612304521300
31325101041114452011
00322222432300304260
21434141001325230211
20221212260121232423
21112353112500313033
30546010100222612311
21112221530722213210
03103224142432241002
12210076013132412220
01411322511431132212
05223011330131270051
21421004330163322012
03333120501202115134
16212221122131146002
42251200313012221342
10422172100113132441
12111341331115303222
10631125011520222420
32103231141141123223
30622430001312124051
01222135311115221223
21231022340003342251
11100158215211141230
31102123165122014023
03241213400232111127
23202413210101234513
15015120323002404421
25022331110033043340
40424213002142220133
02243201241046301311
00142532211051261310
20242421120162201134
03234123110504254000
14333042003113153030
30041113522345102111
00502105702020333331
15216022013221413202
13213370001202135321
23322122210611350112
02323005231132433111
31111252220041131442
00111434331350134210
31102222435100042512
10523331116002231042
00415214122322031142
33610200323000115361
10047121402123215211
03100243521232111450
00543421011411003640
16011322221102351322
11343212122155020302
00625041111333220411
01241233310346002410
23500221321140001526
24031241210413232122
00306014152231242310
42320013143131223203
01034221160222323150
30103315312421312410
21034205211033422230
12225310311012540313
31623031102113223231
11402222331214144111
11202333231111445111
04412312122121222215
31224211042213222510
12220214423411400160
21511230231212332411
31410311512223111134
36103101232223303311
02211431515103021422
21222126021222151411
31160311313322022330
03121125411510031423
11534222003005442011
12244312104222110503
12522223102324214011
11213254102532511001
31235212010034213412
01242212511134121232
13211342212310553010
01235112230325602200
32151312114246112000
16322103111122112370
22531330013115011422
04641100131122252230
21151025210301223360
12322331303352141100
11301202464332211130
31115142020352312310
11424122124121122322
03213234111663102001
53124311003113114501
35224121002201412242
22061004231335110051
01112615123124220123
22321151032320310054
11001652221133331014
01030423525302122122
20415240201332202340
11423113222424412001
11013422240133223231
33222024201301242241
02425102400412304222
71322210201013320262
01324332200241010336
33013221413230211125
41224211121344240200
30220025150322223231
33144300113421123220
02306421111126325000
01212124521400141540
20142353000133520312
00314154201231321610
11172330020011135234
22123242113401101163
40244400201324032320
10025222331131414113
14442113002321210504
23300015421123242113
04310332401244540000
00012551332144200034
20143311144131112043
12333213020032253113
00633114114132101161
11142132411202413340
41142106101351322111
12123520225411022212
03701313110125423111
00424242201631102312
12325231103310047002
32433030114124111123
15041302221310423321
21114245002022231323
10034324123003445010
12231501320041114126
22333241004411105211
42531140000512433110
13111424304134122111
14311222400242521220
02514041122210331341
21226230020100226333
33112401143012132422
11233310420341251040
22230223221252413011
14222214110073423100
31025211232431242101
34110151226241130111
01213432316200311142
20363030210315123410
01064114212011326311
11215212412313440111
11128322003322031114
01216613001321432202
43430101313231155000
31621121034323132200
02441313111742122001
33222200421251123140
04315113113113411123
11220405141142342111
12111151341031126321
34103131221224101324
00402132531114332320
24241032201004471210
00212445110131306213
10132523212213151131
01133216302303121233
22400443100035432111
10322341400310312451
05301341121232121242
06500231304320122222
04125122121300212254
41342411004400324021
11542203112124242300
01133433110123342500
41401103601221214214
15405110212343223010
11311242325018031011
12223213131401400325
21300047121143212132
14122312225123241110
25124211113116042111
22525110021124413211
11331131513240002234
13450400214110431231
03151152112121712310
40400024332243211203
13041331134221134111
22344122004243310021
03331111430042211073
00332221430162203006
22022423210174111401
00345221214443221000
12125203222260000163
20331511131522124102
51042122122006222411
01220215251214114420
20122522132330111324
12320212433021141242
01221115250031052126
00122422430033320351
21203115230223046111
11222221342020416041
24221140403114111521
02244113303221223410
00305122522041622210
13123421123044025020
22112154114022233310
21033241310052411106
31344101124241401400
02321320341243260200
22213222221002151037
21204132145311112510
21413123215031112601
42321121311120352330
22121331141100541242
11230344204100712131
72213020121112222261
31025222121251315110
25102222220621122411
25220116103114022115
11252321122400412304
13222222225137101002
04040123331324321310
22134321202250300044
10006334210302331332
21011440070133253111
32332331000015113135
10135415003021421421
55003140110013143332
13351031031122610223
01431154012332112312
01242332213022411610
12222143120052310045
00144321141135330112
41130213321132240322
34300140141141323221
02471032012210351231
21222611210141135113
12221322320600032216
11042221253012621221
00220424242322212411
13311241220401131154
23142230034001131622
52102323203512210204
01332314212104312412
03040207221222234211
11161302054100153132
05041404020134323121
02013233601225523000
12233060121420024232
00282242002442114110
21000453322222124212
14231123216100213115
00335121411324151210
34331420002610305201
01512411323132213212
21412230410163211132
15213121042262101312
20410321161022613230
01040422250413235020
40000123911111033442
13300034242332342100
31033411043213021512
02100156231403243102
13104332210034323212
03323322115051300105
31102333131050433211
00403322423121232411
16023322100002126513
01322311252023441310
13112323310062110325
11323103421221312431
34224103010632110412
30005322503011241233
14401251021232223122
24430302020204232331
00331435103215013122
53140103213001233233
05233200501124122331
01041422420542213300
21132042320071032322
12345121012211005360
22421241021412700041
30114254000412243121
32012413220251031611
21232301601121443220
00235501313023141033
31001631231353111122
33421211121102200725
21251032311204132124
21022621311123402133
13031333210512541200
12101343232030630411
30041422314151140121
32120311611351026110
02112622400022133144
14610201411234421210
40242311033113124221
11012632130015211343
31301550021315311122
10124323312221104314
22143112220007104530
14224001244011125231
23004044300112223432
43311350001712322101
61223105002241112502
43011125125342211200
03114014336235040000
41025023121131342311
21100153341235032121
33631130002322424100
02112524126400101143
11331104422224121321
01150013450251233310
13321213402021132441
01300312371112111552
25104311210132530321
00046241215112124220
33222023212235100133
33112032321111834100
00015261231112024324
23350102041122233231
11313234202412223211
21111652012143213130
30111304431511112233
13312124032226200123
02121320541131112334
31240033400412122341
10022601622100132263
04122024410322126130
61112502020412323221
12421221141124332301
04133016114121134301
15233030216141002420
16111111341121411351
11321433200101464310
11145300141322213312
34111211420031127330
11115332122026023212
11041436000321326021
00243123412133243110
14203042402101214333
23221122238001523010
23311223122021264111
31222720104121114222
11260001451132212215
23104230141122033242
10711212233112314311
11107104142401115222
32500204402101523321
03135105111222212134
12013501431223233103
02231461100114204233
04353210021122024314
52220041221125411203
32321133201441032131
00042352400323415110
34012312221224305120
40511134010024412115
31114215200122532122
01136122221132003262
31222214212030413601
52222210041332301151
20011336224330011350
23044114103111532310
04022901024212332120
23522022111532312111
42220213221341021431
04214221225003014223
32523311000021114236
20001434332400045113
02122122442312153102
30111324321413232301
12322212411124140160
13121133412102323430
00153522111420613201
11231312153222123131
12147100130312424310
21110134434061201303
33322410203015231221
11332133301050054113
13621411104113214103
20012123543023141132
23000146311111143260
70241024000214433111
13341233004024032203
13331412201032084011
31312110350142201343
02215222401043320700
40114224201542321101
00020054543010252232
11221552101361221013
03113135121331233310
03224341010103144412
22322511201323113060
01523321300223513022
11002333430207112421
01232710131141322231
33212130504151114111
44040111321142122511
01511222511124035112
70121120510012232352
30123221240126422120
11122223334442111102
24243003202204332211
62512011023401220116
23252100231311441230
01123342225042141201
22451012123130402214
01025032341222246100
21012344303011102345
22400153300141332321
63011133110131322341
04311040521311322340
01131262402312230034
42232124003214332200
12520113410522203321
11331161122134311212
21421311140024134222
23212251201103702123
03072200240211213451
50501221402621232020
10326221211142212313
30213231410112222424
42130423101131322313
05152113112212013243
15110024334212521120
11424321203232153001
41320202330435300014
03122032160260151113
32001221541144421111
12122352113112112054
61005401304110244310
21223210430032105513
21514421000712320122
12130362022221372100
04463110015123400410
11122652002122314401
23421303201311111326
11111312540011435312
03011334320422713100
24220124121723011131
10442122131213522031
30023451116405210110
13440150200002137421
22333121301130042144
21213224300224253200
01122353122144131004
02233242024381013000
40143134000512332121
32242232004440000152
11142222322053132310
11312234304000234142
21034411224232124200
12232144101353161000
10211431253321211511
10455300111411142204
14302132041122351311
43121212221316204003
12312115220711241121
24232214002310412232
20315222301123243112
02414122402353002140
32321332100620031332
10341122243412151120
24122111244131122222
12427102101402124312
22340171001232522030
41431221111040022524
00035133232311253030
40412511110222342140
32133031221211225213
03021523312015321150
32210333120133505012
22514100412631204110
00403142246330002150
44311302112201421242
12450041121000745210
23264001021130033432
12114034131221324302
20201343233110416130
11322134211033512401
54212131101104112442
10112712503231113114
01221353301110133514
01020442432124313220
14310412310125230430
01142124140352140122
21221224222113044410
40121125220335212121
12141232310600264101
23202142312351241200
34313221100431231411
43113010341233421040
31304132120213115502
33503301202231123231
04162221200310324610
12161211232222233112
11103504502111222243
22243011144113141311
13221110451412301143
22322212312021472110
01111352331216101341
41120301532320043114
21220017411321311422
62322101122212042214
23451112102120035241
53102141213122611022
00115402522532030113
23122122230201141344
10422343100003551132
40030333221023154121
33404231000230125223
36410140102232421211
31141213221434320021
42101100470022262132
31122213321071122330
32420221040255032021
11243042123442111400
03613204100351223211
01131312444410130223
13225014200025321223
03510225201221224501
13143211400042132341
22224034101031135411
44132202112422601021
12102523310241321250
15121051134101121235
02023324226440001221
12132521122541011231
42144310010114351104
32112204141127111132
22140411411222172210
42102042143234132011
60212211411255121120
15201233213103112522
11403403400100134542
02116340213322230311
02132132420333131024
23101113170512122016
23433122003151010540
52421221102121642011
13114431112411201171
11520051410133331321
16221013131132413131
11551131020264221111
02131431142132155010
01442221222514350000
11035211243220222511
14031412221001240435
33101353101105252013
01132542110312243221
11502243021421532110
01332013523132113213
02352233001222550111
35240221105101312610
12400111822135012222
62131111221411314212
01154111333322204112
04330531102131124411
12322222220500204153
23310522202242116200
00425332104232301311
11162201151322413211
01001363244213213103
12240313313411240140
22114024220124461200
51520210311412222024
21522201236522001301
02161224111044232220
02530421215211152300
13023413121412511230
20011242442232131501
22243210311032211460
11143322300132243014
22510420130214600601
51200022532323401122
11312531300411124610
20114262202122450211
01004144603104232410
11233224206043300220
13042322124253010104
35220004220022353131
01123233141113441122
10443300232322413201
12032412231103215232
01231123613043032221
31112244112713110212
21141142313111133124
31151122312233310141
21332104041404331121
23213212401121440412
01303342226242002031
20341130151134410132
03133370002041223042
01142143131122422312
13071222022141311115
45141200033120012551
01254231202331052121
03325051011234322012
13222421120623112311
01310342240131521214
30104532201113314321
06316003010413123222
13533200030410232413
03601222310333222122
01551132204622212100
31425211011111115621
32221511303251123102
04251213201010415143
11265011120311332223
04112235022310251222
13122115130314126111
15310411131050015431
02130404420014235131
11341201521012243340
22331121320431101433
00231142346215211200
11222342211403032151
10143333202300220236
13134021411023113333
34100313231120134521
03323100712222122133
12142023230431223311
12331133303011600324
12251222210413210630
11412153112431331030
32113132310321530033
21420161120125501015
42333111204521000008
12401252302242331300
23123152012112330152
32221221411262201123
31200131722000364122
10222224141571131100
20315204120042232421
23312310230342023240
31423040120513321221
14211024411204124312
32011361210132602213
21312421318332100030
00412353202044441100
23121141413442112300
11545112005412112121
12211434023110024243
13240321223041314112
