24221430111015310027
11213120541232413112
02231144212120233403
10132452204010214251
41442102111131234401
11207432003320432300
00542303210232311341
23111305400333351110
21003227120044601113
31142222123012321224
00511232331161331130
03222332211200113516
40112352204240112204
12234431005210116220
10001564210532221131
20141135120141422222
01415411301222414112
12325421002321104070
01134154103031114313
04222331210253361000
03112125232113302251
50103211161122232331
10023632210304404221
03321223221303415120
43311124104141032401
02134270013123313310
21403114042011432223
40022423122222111405
24141212213022235210
35320210130131324240
02132321420334111421
30220612403333214100
05213132214143311201
42203241113212142230
32122411135321000153
30016402220334023410
01243052210013334114
11514114112171221220
23320122413226410110
02432222213303331400
04122222232621011520
01315220241332211430
13212242124322110322
52210122324163111300
02114213240223641011
02102344044111233401
31132411221105104152
02140322330013112543
22314311300411125213
14150332102223221330
01214221340325001513
15105231201231431050
12172231103212162210
12015206032112233240
02125034120312212333
31122423202241134120
04012243223245112200
05224610003113322320
40025221131233113240
12432221304151304110
01361122402112242222
21321223310103300544
34001333210100476110
42220161203021321323
42333032004212121421
00424124211422122240
01232541111232450111
33512312000021741041
33003312323631200023
23513114001215241130
10323132413200551211
03532103212504114021
13212123411521123014
14221243011300142540
00442112511211333402
00004621340143315102
00022743201221441221
05212222311325114003
00141271042320433201
25323000412251114310
02321116222150421311
01335310220332126300
10014623032012133323
21103241335311102115
12304512112523131102
43224023003141132221
23721112016114031211
04011326122322424100
11004732201112043233
05114133112012432240
02111234512223410240
05211511225223111221
41221321041216123220
33111351110201313811
10121141545421121211
31113252020452123201
10132502333222332102
01041142521142141114
06131122312262012131
35110241032121233312
10181212220112272320
